estimate_x;estimate_y;x_gt;y_gt;rmse_x=RMSE(0);rmse_y=RMSE(1);execution time(ms)
6.43753 1.88758 6.2785 1.9598 0.159029 0.0722182 1.61511
6.43367 1.93861 6.6632 2.0825 0.197453 0.113839 1.41679
6.95321 2.2607 7.0554 2.2076 0.171676 0.0978742 1.63011
7.54883 2.30804 7.4561 2.3358 0.155738 0.0858905 4.49439
7.67365 2.65252 7.8656 2.4671 0.163624 0.113041 1.501
8.08216 2.48024 8.2852 2.6011 0.170825 0.114382 1.37831
8.59859 2.66259 8.7144 2.7375 0.1641 0.109616 1.3889
9.00034 2.90228 9.1536 2.8763 0.162784 0.102947 1.4163
9.49702 3.1357 9.6031 3.0188 0.157495 0.10459 1.30686
9.91709 3.22927 10.063 3.1652 0.156374 0.10127 1.31778
10.5159 3.10211 10.532 3.3136 0.149176 0.115712 1.3115
11.0271 3.40141 11.008 3.4638 0.142932 0.11224 1.38206
11.4522 3.42508 11.494 3.6162 0.137813 0.12016 1.38179
11.9505 3.88108 11.989 3.7712 0.133197 0.119456 1.27192
12.469 3.95713 12.492 3.9291 0.128818 0.115632 5.18192
13.217 4.02066 13.005 4.0883 0.135519 0.11323 1.33094
13.4346 4.42178 13.526 4.2487 0.133328 0.117596 5.36007
14.0648 4.51225 14.057 4.41 0.129585 0.116796 1.28858
14.6308 4.73517 14.599 4.5723 0.126339 0.119664 1.42838
14.9169 4.72147 15.152 4.7368 0.133889 0.116685 1.50017
15.6193 5.02954 15.715 4.904 0.132322 0.117121 1.297
16.0101 5.14668 16.287 5.0715 0.142122 0.115546 1.34294
17.0142 5.35765 16.865 5.2381 0.142434 0.115722 4.87932
17.5216 5.2769 17.453 5.4049 0.140136 0.11626 1.39807
18.0432 5.60593 18.048 5.5727 0.137308 0.114105 1.5422
18.5888 5.65625 18.651 5.7412 0.135193 0.113122 1.24735
19.1822 5.73525 19.26 5.9101 0.133508 0.115996 1.34252
20.0373 5.93646 19.877 6.079 0.134557 0.117048 2.35594
20.4631 6.23466 20.502 6.2479 0.132413 0.115038 1.39804
21.2188 6.52564 21.135 6.4157 0.131084 0.114872 1.72576
21.7962 6.58993 21.777 6.5842 0.128998 0.113009 1.1365
22.4944 6.78632 22.428 6.7538 0.127509 0.111377 1.14137
23.0098 6.96809 23.088 6.924 0.126297 0.109945 1.21634
23.5645 7.28941 23.758 7.0942 0.128775 0.113372 1.22118
24.4839 7.1778 24.437 7.2643 0.12717 0.112693 1.69587
25.2172 7.60039 25.127 7.4341 0.126289 0.114521 2.35256
25.8811 7.86656 25.826 7.6045 0.1249 0.1209 1.7269
26.4056 7.87113 26.535 7.7746 0.125021 0.120322 1.19465
27.3595 7.95571 27.253 7.9438 0.124581 0.118784 1.27082
27.8889 8.1406 27.981 8.1126 0.123872 0.117374 1.27111
28.9132 8.37579 28.718 8.2791 0.126093 0.116913 1.19018
29.2337 8.38193 29.466 8.445 0.129637 0.115922 1.561
30.1333 8.41774 30.221 8.6112 0.128817 0.118304 1.24076
30.8789 8.78471 30.986 8.7768 0.128364 0.116958 1.26777
31.8472 8.94558 31.76 8.9415 0.127593 0.115652 1.49619
32.6203 9.09074 32.542 9.1052 0.126726 0.114408 1.30761
33.3542 9.27359 33.333 9.2685 0.125408 0.113187 1.4279
34.0796 9.47398 34.132 9.4312 0.124325 0.112172 9.98818
34.7927 9.68752 34.94 9.5926 0.124836 0.111846 1.33284
35.7402 9.88901 35.756 9.7532 0.123601 0.112376 4.93687
36.4111 9.91177 36.579 9.9136 0.124621 0.111269 8.5879
37.5334 9.92447 37.411 10.074 0.124579 0.112128 1.21535
38.2452 10.2443 38.25 10.234 0.1234 0.111074 2.14233
39.0557 10.3911 39.098 10.392 0.122387 0.110041 1.11699
40.0514 10.551 39.952 10.55 0.122008 0.109036 28.5936
40.7079 10.8728 40.812 10.708 0.121711 0.11028 5.59721
41.5818 11.0808 41.678 10.863 0.121309 0.113051 1.11669
42.5489 11.0643 42.548 11.016 0.120259 0.112252 2.58049
43.5338 11.1399 43.425 11.168 0.120074 0.111356 1.34531
44.4787 11.2236 44.307 11.319 0.121114 0.111109 1.32026
45.0644 11.3753 45.196 11.469 0.121293 0.110845 1.19288
45.9407 11.53 46.093 11.617 0.121857 0.110502 1.16301
46.8299 11.8589 46.996 11.764 0.122684 0.110272 1.04392
47.9302 11.8038 47.907 11.909 0.121756 0.110194 1.04717
48.817 12.0301 48.826 12.054 0.120821 0.109383 1.00046
49.8189 12.03 49.752 12.196 0.120185 0.110458 1.15271
50.5703 12.1903 50.685 12.337 0.120105 0.111086 1.05664
51.6833 12.3656 51.625 12.478 0.119428 0.111105 1.07273
52.7091 12.816 52.571 12.619 0.119719 0.112817 1.09418
53.6111 12.7372 53.525 12.757 0.119306 0.112033 1.1341
54.3787 12.9518 54.486 12.894 0.119145 0.111453 3.2439
55.5166 13.0009 55.454 13.03 0.118545 0.110729 1.09515
56.3954 13.2747 56.429 13.164 0.117796 0.110729 1.45283
57.3542 13.1255 57.411 13.298 0.117184 0.111792 0.960111
58.1427 13.4221 58.4 13.429 0.120133 0.111047 1.0309
59.5078 13.2962 59.396 13.56 0.120027 0.11439 4.05169
60.4157 13.5214 60.399 13.689 0.11926 0.115238 0.817516
61.2534 13.9261 61.409 13.817 0.119796 0.115161 4.55212
62.3245 13.8686 62.425 13.944 0.119572 0.114744 0.75433
63.3647 14.0513 63.448 14.07 0.119187 0.114043 0.781865
64.3542 14.1547 64.478 14.195 0.119244 0.113426 0.657728
65.5489 14.2011 65.514 14.319 0.118578 0.113482 0.87033
66.6237 14.5653 66.556 14.442 0.118096 0.113605 0.680635
67.6811 14.3332 67.605 14.563 0.117683 0.115677 2.30108
68.5517 14.5672 68.661 14.683 0.117588 0.115678 0.682861
69.8218 14.9512 69.722 14.802 0.117397 0.116124 0.61115
70.6295 14.8123 70.79 14.919 0.117982 0.116019 0.718826
71.8938 15.1661 71.865 15.036 0.117349 0.116189 0.672324
73.2122 15.397 72.945 15.152 0.120076 0.118417 0.720364
74.0142 15.3143 74.032 15.265 0.119421 0.117872 0.668399
75.1608 15.5165 75.124 15.377 0.118826 0.118131 3.21397
76.112 15.4609 76.222 15.487 0.118734 0.117519 0.697324
77.3681 15.5874 77.325 15.596 0.118178 0.116889 0.713539
78.3195 15.6252 78.434 15.703 0.118139 0.116542 0.712322
79.576 15.8857 79.549 15.809 0.117549 0.116194 1.15064
80.7722 15.8402 80.668 15.913 0.117418 0.115826 0.677197
81.9803 15.9573 81.794 16.016 0.118333 0.115381 0.731658
82.9987 16.0918 82.924 16.118 0.11797 0.114822 0.672373
84.2149 16.2757 84.059 16.219 0.118413 0.114382 0.836055
85.1392 16.3974 85.198 16.317 0.117966 0.114093 0.78084
86.3201 16.638 86.341 16.414 0.117399 0.115693 0.578014
87.5394 16.4087 87.489 16.509 0.116929 0.115552 0.572486
88.6272 16.4084 88.64 16.602 0.116367 0.116562 0.58752
89.546 16.7428 89.794 16.695 0.118332 0.116095 7.06597
90.7697 16.5848 90.953 16.785 0.119117 0.117181 0.61365
91.9806 16.7394 92.116 16.875 0.119282 0.117369 0.602997
93.4944 16.9712 93.282 16.964 0.120485 0.116821 0.586009
94.4728 17.3776 94.452 17.051 0.119942 0.120451 0.679269
95.8774 17.4182 95.627 17.138 0.121776 0.122865 0.610361
96.7281 17.0886 96.804 17.224 0.121436 0.122985 0.583624
97.7661 17.302 97.985 17.311 0.12266 0.122433 0.585259
99.0301 17.4501 99.169 17.398 0.122815 0.121984 6.24222
100.331 17.4211 100.35 17.485 0.122283 0.121592 0.712845
101.591 17.378 101.54 17.572 0.121839 0.122413 0.959579
102.88 17.7987 102.73 17.659 0.122108 0.122574 0.770003
103.928 17.7991 103.92 17.746 0.121582 0.122144 0.81315
105.038 17.5662 105.11 17.834 0.121243 0.124115 0.784734
106.674 18.0166 106.3 17.922 0.12555 0.123894 0.882439
107.593 17.8623 107.5 18.01 0.125314 0.124114 1.22522
108.497 17.9999 108.7 18.099 0.126154 0.123926 0.746583
109.723 18.2235 109.9 18.187 0.126658 0.123458 0.864962
111.133 18.2383 111.1 18.275 0.126173 0.122995 0.760096
112.183 18.3864 112.3 18.362 0.126103 0.122514 0.938889
113.434 18.3832 113.51 18.449 0.125778 0.122162 0.780328
114.868 18.5656 114.72 18.536 0.125975 0.121701 0.703521
115.867 18.5781 115.94 18.623 0.125641 0.121283 0.710617
117.272 18.7512 117.15 18.71 0.125614 0.12086 0.722742
118.341 18.8254 118.37 18.796 0.125148 0.120415 0.722382
119.672 18.9247 119.59 18.882 0.124873 0.120007 0.876888
121.068 19.1948 120.81 18.968 0.126436 0.121189 0.685716
122.195 19.0601 122.04 19.054 0.126676 0.120726 0.949872
123.178 19.062 123.26 19.14 0.126397 0.120459 0.880548
124.511 19.1911 124.49 19.225 0.125934 0.120042 0.750094
125.711 19.3024 125.73 19.311 0.125473 0.119595 0.764704
126.955 19.3329 126.96 19.397 0.125009 0.119279 0.786213
127.83 19.5944 128.2 19.483 0.128524 0.119223 1.1473
129.411 19.7469 129.44 19.568 0.128078 0.119766 0.877703
130.598 19.6033 130.68 19.654 0.127804 0.11941 0.91133
132.067 19.6653 131.92 19.74 0.12795 0.119148 0.958142
133.264 19.7919 133.17 19.826 0.127741 0.118756 0.803591
134.606 20.1651 134.42 19.913 0.128247 0.120224 0.965524
135.725 19.9491 135.67 20.001 0.127877 0.119879 0.797143
136.796 20.0046 136.92 20.093 0.12785 0.119688 0.830585
138.263 19.8918 138.18 20.186 0.127592 0.121765 0.944357
139.36 20.2874 139.44 20.283 0.127324 0.121345 0.873374
140.794 20.424 140.7 20.382 0.127126 0.120979 0.901251
141.9 20.3463 141.96 20.484 0.126789 0.1211 1.0976
142.995 20.4209 143.23 20.588 0.127824 0.12147 0.84239
144.344 20.6759 144.49 20.693 0.127956 0.12107 0.860201
145.62 20.7938 145.76 20.799 0.128038 0.120666 1.04
147.002 20.9131 147.03 20.906 0.127635 0.120267 1.02267
148.086 20.7403 148.29 21.013 0.128281 0.121895 0.968359
149.496 21.1718 149.56 21.12 0.127966 0.121568 1.09088
150.617 21.2154 150.83 21.227 0.128699 0.121176 0.875355
151.906 21.2902 152.1 21.333 0.129224 0.120833 1.02691
153.418 21.5683 153.37 21.438 0.128867 0.120896 0.866848
154.663 21.5315 154.65 21.543 0.128459 0.120514 0.928626
155.816 21.7527 155.92 21.648 0.12832 0.120421 0.932663
157.267 21.9343 157.2 21.752 0.128026 0.120909 1.11849
158.304 21.6934 158.48 21.856 0.128381 0.121214 1.00314
159.742 21.6053 159.76 21.959 0.12799 0.12401 1.183
161.164 21.8489 161.04 22.062 0.127968 0.124755 0.959236
162.335 22.1085 162.32 22.164 0.12758 0.124448 1.2557
163.641 22.1589 163.61 22.266 0.127213 0.124349 1.12641
164.86 22.236 164.89 22.367 0.126848 0.124391 1.05407
166.297 22.46 166.18 22.468 0.126789 0.124017 1.02531
167.468 22.9555 167.47 22.569 0.126409 0.127211 1.1233
168.766 22.6363 168.76 22.668 0.126033 0.126856 1.0177
170.08 22.8115 170.05 22.768 0.125681 0.126524 1.01422
171.413 22.9549 171.34 22.866 0.125437 0.126335 1.07753
172.91 22.5961 172.64 22.964 0.126765 0.12907 0.938577
173.975 22.8103 173.93 23.061 0.126443 0.130106 0.94802
175.096 23.0326 175.23 23.158 0.126487 0.130079 1.27807
176.611 23.1384 176.53 23.254 0.126273 0.13 0.933849
177.727 23.2051 177.83 23.35 0.126153 0.13009 0.919588
179.259 23.5899 179.13 23.446 0.126171 0.130173 1.71996
180.518 23.5957 180.43 23.541 0.12599 0.12987 1.01645
181.679 23.4615 181.74 23.636 0.125719 0.130163 1.03749
182.859 23.8733 183.04 23.732 0.126092 0.130228 1.29273
184.328 23.8737 184.35 23.829 0.125752 0.129909 3.96023
185.705 23.8404 185.66 23.926 0.125449 0.129705 1.03395
186.812 24.0331 186.97 24.023 0.125651 0.129351 1.04705
188.417 24.4441 188.28 24.12 0.125718 0.131202 1.03929
189.65 24.2073 189.59 24.218 0.125454 0.130848 1.087
190.929 24.2834 190.91 24.314 0.125123 0.130513 0.980026
192.25 24.1867 192.23 24.41 0.124795 0.131187 1.19615
193.817 24.5981 193.55 24.506 0.12598 0.131009 1.00662
194.988 24.3339 194.87 24.602 0.125941 0.132116 0.982221
196.121 24.5211 196.2 24.699 0.125737 0.1324 0.96659
197.469 25.0525 197.52 24.796 0.125461 0.133355 1.25578
199.012 25.0504 198.86 24.894 0.125612 0.133486 1.08237
200.277 24.882 200.19 24.993 0.125442 0.133379 0.974923
201.635 24.8995 201.53 25.093 0.125344 0.13376 0.917532
202.52 25.1111 202.87 25.194 0.12752 0.133547 0.955004
204.102 25.4209 204.21 25.294 0.127427 0.133514 0.930928
205.662 25.1301 205.56 25.394 0.127311 0.134501 0.828622
207.121 25.466 206.91 25.493 0.127872 0.134173 0.853813
208.173 25.681 208.26 25.592 0.127697 0.133983 0.976875
209.77 25.7328 209.61 25.691 0.127881 0.133678 4.91652
210.905 25.6818 210.95 25.79 0.127601 0.133563 0.990139
212.099 25.968 212.3 25.891 0.128069 0.133341 0.907576
213.635 26.1898 213.64 25.992 0.127752 0.133737 0.91788
214.872 26.1528 214.98 26.092 0.127664 0.133475 1.08966
216.207 26.3718 216.32 26.192 0.127596 0.133741 1.02882
217.605 26.0932 217.65 26.29 0.127322 0.134121 1.2501
219.151 26.4165 218.98 26.386 0.127568 0.133812 1.1904
